Chara
11 
60 
20 
30 
15 
12 
15 
4 
2293 
1341 
62 
23 
220 
32 
210 
14 
206 
24 
221 
40 
0 
46 
0 
47 
0 
0 
0 
51 
50 
0 
0 
0 
0 
0 
73 
0 
0 
0 
0 
0 
0 
0 
0 
1 
0 
1 
0 
0 
0 
5 
0 
0 
1 
4 
1508 
0 
1 
0 
0 
1 
0 
0 
1 
4 
1 
0 
0 
0 
0 
0 
0 
0 
3 
0 
4 
0 
-1 
0 
0 
0 
0 
1 
1 
1 
1 
0 
2 
0 
0 
0 
0 
1 
0 
1 
0 
0 
0 
1 
0 
4 
0 
0 
0 
0 
24 
1 
24 
0 
0 
0 
1 
1 
0 
0 
0 
1 
0 
4 
0 
1 
1 
0 
3 
0 
1 
0 
0 
1 
4 
1 
0 
1 
2 
1 
1 
0 
1 
2 
0 
1 
1 
1 
0 
1 
1 
0 
0 
0 
0 
0 
0 
0 
0 
0 
0 
0 
0 
0 
0 
0 
0 
0 
0 
0 
0 
0 
0 
0 
0 
0 
0 
0 
0 
0 
0 
0 
0 
0 
0 
0 
0 
0 
0 
0 
0 
0 
0 
0 
0 
0 
0 
0 
0 
0 
0 
0 
0 
0 
0 
0 
0 
0 
0 
0 
0 
0 
0 
0 
0 
0 
0 
0 
0 
0 
0 
0 
0 
0 
0 
0 
0 
0 
0 
0 
0 
0 
0 
0 
0 
205 
62 
22 
16 
8 
11 
0 
0 
0 
0 
0 
0 
0 
0 
0 
0 
0 
0 
0 
0 
0 
1 
0 
0 
0 
0 
0 
0 
0 
0 
0 
0 
0 
0 
0 
0 
0 
0 
0 
0 
0 
0 
0 
0 
0 
0 
0 
0 
0 
0 
0 
0 
0 
4 
1 
1 
0 
0 
0 
0 
1 
0 
0 
0 
0 
8 
0 
0 
0 
1 
1 
0 
0 
0 
0 
2 
1 
0 
0 
0 
0 
0 
0 
1 
0 
0 
0 
0 
0 
1 
1 
1 
0 
0 
0 
0 
0 
0 
0 
0 
4 
3 
16 
16 
1 
1 
1 
21 
16 
19 
999 
0 
0 
0 
0 
0 
0 
0 
0 
0 
0 
0 
0 
0 
0 
0 
0 
0 
0 
0 
0 
0 
0 
0 
0 
0 
0 
0 
0 
0 
0 
0 
0 
0 
0 
0 
0 
0 
0 
0 
0 
1500 
1 
0 
2 
1 
1 
3 
2 
0 
0 
0 
0 
0 
0 
0 
0 
0 
0 
26 
3 
1 
0 
1 
1 
1 
0 
0 
0 
0 
0 
0 
10 
0 
0 
2 
1 
0 
0 
0 
0 
0 
0 
0 
0 
6 
6 
1 
4 
1 
1 
0 
1 
0 
0 
0 
0 
0 
4 
1 
0 
0 
0 
2 
1 
0 
1 
1 
1 
0 
0 
0 
0 
0 
2 
0 
1 
0 
0 
0 
0 
1 
1 
0 
1 
0 
0 
0 
0 
0 
1 
0 
0 
0 
0 
0 
0 
0 
0 
0 
17 
0 
1 
1 
1 
2 
1 
0 
1 
3 
2 
1 
0 
0 
0 
0 
0 
0 
0 
0 
0 
0 
0 
0 
0 
0 
0 
0 
0 
0 
0 
0 
0 
0 
0 
0 
0 
0 
0 
0 
0 
0 
1 
0 
0 
0 
5 
0 
0 
0 
0 
0 
0 
0 
0 
0 
0 
0 
0 
0 
0 
0 
208 
1 
1 
1 
333 
319 
288156 
